10806
12942
14914
17824
20025
20172
20467
20487
21361
22487
11103
16212
16354
16412
10604
16701
16722
17270
17931
19771
20623
22812
25263
10824
10964
11150
11285
11942
13124
13646
13939
14377
14685
15573
15772
16039
16530
16546
16902
17050
17203
17249
17495
17538
17831
17858
18304
19453
20012
20033
20052
20053
20067
20247
20277
20468
20567
20673
20715
20792
21207
21333
21346
21349
21416
21592
21956
21959
21994
21995
22316
23165
23191
23193
23307
23836
23961
24107
24114
24122
24415
24982
25329
25985
19355
13305
16716
16754
18109
21374
23428
11598
11602
13096
13870
19718
10256
11217
11617
11621
13606
15675
16757
16876
18601
19480
19805
20214
20443
20492
20577
21244
22476
22898
22958
22992
23252
24118
24544
24902
21283
10924
12120
19249
19363
19507
20745
21246
21319
21588
22545
24559
24562
24564
24897
18864
18567
12219
12460
13730
18386
21391
24038
19514
23812
18945
19343
19840
23188
18853
18856
18858
18875
18878
10638
12291
18375
22033
23762
10772
19287
19385
20644
20767
20874
24891
